N=3
  purity=0.7
  gini=0.418688251589246
N=6
  purity=0.7
  gini=0.41764752122419
N=9
  purity=0.7
  gini=0.416554465021042
