N=3
  purity=0.654
  gini=0.427992644019832
N=6
  purity=0.6469
  gini=0.410418049364063
N=9
  purity=0.6462
  gini=0.469993089538926
